32151339548702547784441937616961536
32151367985699818616059248888512512
32151271183201314672868704038944768
32152207902616413961722137942163456
32151339200731523953050346359619584
32151370678463026521394014100389888
32152207842463389318274513658445824
32151386239903676766514132493008896
32151367959329423199440349052272640
32151377263035093587093514837032960
32151376933126143875242409915842560
32151369055951335766117257553379328
32151385265800131503492459084644352
32151339278809987682684490330669056
32151380026491463658200215354081280
32151346268020037528173575543980032
32151271007133525062760537369083904
32151379959268779688735626542186496
32151386122627984809071594226843648
32151271145145441841132940830965760
32151386097195052926278613803728896
32151371322774426856039311468396544
32151339480311557725813028063019008
32151371000244377687856837998673920
32151386416422821310617824471810048
32151367907705213784984188539109376
32151386055073167212559864938102784
32151264630519111764826811787116544
32152207874282270404736487788642304
32151338913104024291155577925533696
32151377212395811178964928413302784
32151376882151702574038594648801280
32151385099028929057467621433147392
32151370730683895872914310060572672
32151371373520110083985054585847808
32151270948474576008818944508952576
32151371052064343950423204273586176
